rxn09209_c0	1	1	1	1	1	1	1	1	1	1	1	1	
rxn00193_c0	1	0	1	0	1	0	1	0	1	0	1	0	
rxn01117_c0	1	0	1	0	0	0	1	0	0	0	0	0	
rxn10338_c0	1	0	1	0	1	0	1	0	1	0	1	0	
rxn03126_c0	1	6	1	6	1	6	1	6	1	6	1	6	
rxn01225_c0	1	1	0	0	0	0	0	0	0	0	0	0	
rxn02832_c0	1	0	1	0	1	0	1	0	1	0	1	0	
rxn02287_c0	1	1	1	1	1	1	1	1	1	1	1	1	
rxn10222_c0	1	1	0	0	0	0	0	0	0	0	0	0	
rxn10224_c0	1	1	0	0	0	0	0	0	0	0	0	0	
rxn05388_c0	1	0	1	0	1	0	1	0	1	0	1	0	
rxn05117_c0	1	1	1	1	1	1	1	1	1	1	1	1	
rxn00555_c0	1	1	1	1	1	1	1	1	1	1	1	1	
rxn05546_c0	1	25	1	16	1	16	1	16	1	16	1	16	
rxn08669_c0	0	0	1	0	1	0	1	0	1	0	1	0	
rxn03168_c0	0	0	1	0	0	0	1	0	0	0	0	0	
rxn00838_c0	1	1	1	1	1	1	1	1	1	1	1	1	
rxn05437_c0	1	0	1	0	1	0	1	0	1	0	1	0	
rxn04050_c0	0	0	0	0	1	0	0	0	1	0	0	0	
rxn10233_c0	1	1	1	0	1	0	1	0	1	0	1	0	
rxn01997_c0	1	1	1	1	1	1	1	1	1	1	1	1	
rxn00858_c0	1	1	1	1	1	1	1	1	1	1	1	1	
rxn00851_c0	1	0	1	0	1	0	1	0	1	0	1	0	
rxn00704_c0	1	0	1	0	1	0	1	0	1	0	1	0	
rxn03052_c0	1	2	0	0	0	0	0	0	0	0	1	0	
rxn08307_c0	1	1	0	0	0	0	0	0	0	0	0	0	
rxn02474_c0	1	2	1	2	1	2	1	2	1	2	1	2	
rxn00777_c0	1	1	1	1	1	1	1	1	1	1	1	1	
rxn05345_c0	0	0	0	0	1	0	0	0	1	0	1	0	
rxn05679_e0	0	0	0	0	1	0	0	0	1	0	0	0	
rxn00623_c0	0	0	1	0	1	0	1	0	1	0	1	0	
rxn00611_c0	1	0	1	0	1	0	1	0	1	0	1	0	
rxn01257_c0	1	1	1	1	1	1	1	1	1	1	1	1	
rxn00541_c0	0	0	1	0	0	0	1	0	0	0	0	0	
rxn00615_c0	1	0	0	0	0	0	0	0	0	0	0	0	
rxn10206_c0	1	0	1	0	1	0	1	0	1	0	1	0	
rxn05064_c0	1	0	1	0	1	0	1	0	1	0	1	0	
rxn02988_c0	1	1	1	1	1	1	1	1	1	1	1	1	
rxn09205_c0	1	1	1	1	1	1	1	1	1	1	1	1	
rxn01019_c0	1	1	1	1	1	1	1	1	1	1	1	1	
rxn05372_c0	1	1	1	0	1	0	1	0	1	0	1	0	
rxn03958_c0	0	0	1	0	0	0	1	0	0	0	0	0	
rxn00283_c0	1	0	0	0	1	0	0	0	1	0	1	0	
rxn05376_c0	1	1	1	0	1	0	1	0	1	0	1	0	
rxn03408_c0	1	0	1	0	1	0	1	0	1	0	1	0	
rxn05359_c0	1	0	1	0	1	0	1	0	1	0	1	0	
rxn05651_c0	1	1	1	1	1	1	1	1	1	1	1	1	
rxn05189_c0	1	3	1	1	1	1	1	1	1	1	1	1	
rxn02475_c0	1	2	1	3	1	3	1	3	1	3	1	3	
rxn05645_e0	0	0	0	0	1	0	0	0	1	0	0	0	
rxn01678_c0	1	1	1	1	1	1	1	1	1	1	1	1	
rxn00409_c0	1	1	1	1	1	1	1	1	1	1	1	1	
rxn04457_c0	1	0	1	0	1	0	1	0	1	0	1	0	
rxn05538_c0	1	25	1	16	1	16	1	16	1	16	1	16	
rxn00364_c0	1	1	1	1	1	1	1	1	1	1	1	1	
rxn05406_c0	1	0	1	0	1	0	1	0	1	0	1	0	
rxn10482_c0	0	0	0	0	1	0	0	0	1	0	0	0	
rxn02898_c0	1	0	1	0	1	0	1	0	1	0	1	0	
rxn07588_c0	0	0	1	1	1	1	1	1	1	1	1	1	
rxn02113_c0	1	2	1	2	1	2	1	2	1	2	1	2	
rxn10265_c0	1	0	1	0	1	0	1	0	1	0	1	0	
rxn02159_c0	1	1	1	1	1	1	1	1	1	1	1	1	
rxn10259_c0	1	2	1	2	1	2	1	2	1	2	1	2	
rxn02288_c0	1	0	1	0	1	0	1	0	1	0	1	0	
rxn05435_c0	1	0	1	0	1	0	1	0	1	0	1	0	
rxn05379_c0	1	0	1	0	1	0	1	0	1	0	1	0	
rxn13085_c0	1	0	1	0	1	0	1	0	1	0	1	0	
rxn01329_c0	1	3	1	2	1	2	1	2	1	2	1	2	
rxn00690_c0	0	0	1	0	0	0	1	0	0	0	0	0	
rxn03080_c0	1	1	1	1	1	1	1	1	1	1	1	1	
rxn03175_c0	1	1	1	1	1	1	1	1	1	1	1	1	
rxn01644_c0	1	0	1	1	1	1	1	1	1	1	1	1	
rxn08309_c0	1	1	0	0	0	0	0	0	0	0	0	0	
rxn05361_c0	1	0	1	0	1	0	1	0	1	0	1	0	
rxn09448_c0	1	2	1	2	1	2	1	2	1	2	1	2	
rxn05248_c0	1	2	1	2	1	2	1	2	1	2	1	2	
rxn05368_c0	1	1	1	0	1	0	1	0	1	0	1	0	
rxn12860_e0	0	0	0	0	1	0	0	0	1	0	0	0	
rxn05468_c0	1	0	1	0	1	0	1	0	1	0	1	0	
rxn00727_c0	1	2	1	2	1	2	1	2	1	2	1	2	
rxn04047_c0	0	0	1	1	1	1	1	1	1	1	1	1	
rxn05398_c0	1	0	1	0	1	0	1	0	1	0	1	0	
rxn12648_e0	0	0	0	0	1	0	0	0	1	0	0	0	
rxn00791_c0	1	1	1	1	1	1	1	1	1	1	1	1	
rxn04139_c0	1	0	1	0	1	0	1	0	1	0	1	0	
rxn05029_c0	1	1	1	1	1	1	1	1	1	1	1	1	
rxn05440_c0	1	0	1	0	1	0	1	0	1	0	1	0	
rxn05441_c0	1	0	1	0	1	0	1	0	1	0	1	0	
rxn07586_c0	0	0	1	1	1	1	1	1	1	1	1	1	
rxn03147_c0	1	2	1	1	1	1	1	1	1	1	1	1	
rxn13840_c0	1	0	0	0	0	0	0	0	0	0	0	0	
rxn08583_c0	1	0	1	0	1	0	1	0	1	0	1	0	
rxn01486_c0	1	1	1	1	1	1	1	1	1	1	1	1	
rxn00062_c0	1	0	1	0	1	0	1	0	1	0	1	0	
rxn05506_c0	1	1	1	1	1	1	1	1	1	1	1	1	
rxn01512_c0	1	1	1	1	1	1	1	1	1	1	1	1	
rxn13661_c0	0	0	0	0	1	0	0	0	1	0	0	0	
rxn00802_c0	1	1	1	1	1	1	1	1	1	1	1	1	
rxn00649_c0	1	1	1	1	1	1	1	1	1	1	1	1	
rxn05410_c0	1	1	0	0	0	0	0	0	0	0	1	0	
rxn00642_c0	1	1	0	0	0	0	0	0	0	0	0	0	
rxn00544_c0	1	1	1	1	1	1	1	1	1	1	1	1	
rxn01607_c0	1	1	1	1	1	1	1	1	1	1	1	1	
rxn05316_e0	0	0	0	0	1	0	0	0	1	0	0	0	
rxn05293_c0	0	0	1	0	0	0	1	0	0	0	0	0	
rxn00904_c0	1	1	0	0	0	0	0	0	0	0	0	0	
rxn13160_e0	0	0	0	0	1	0	0	0	1	0	0	0	
rxn05454_c0	1	0	1	0	1	0	1	0	1	0	1	0	
rxn09211_c0	1	1	1	1	1	1	1	1	1	1	1	1	
rxn08712_c0	1	0	1	0	1	0	1	0	1	0	1	0	
rxn01068_c0	0	0	0	0	1	0	0	0	1	0	0	0	
rxn02405_c0	1	0	1	0	1	0	1	0	1	0	1	0	
rxn10214_c0	1	0	1	0	1	0	1	0	1	0	1	0	
rxn00762_c0	1	2	1	1	1	1	1	1	1	1	1	1	
rxn03084_c0	1	3	1	3	1	3	1	3	1	3	1	3	
rxn10161_e0	0	0	0	0	1	0	0	0	1	0	1	0	
rxn01207_c0	1	0	1	0	1	0	1	0	1	0	1	0	
rxn10213_c0	1	0	0	0	0	0	0	0	0	0	0	0	
rxn12845_c0	1	3	1	2	1	2	1	2	1	2	1	2	
rxn00509_c0	1	2	1	2	1	2	1	2	1	2	1	2	
rxn00225_c0	1	1	1	1	1	1	1	1	1	1	1	1	
rxn03137_c0	1	1	1	1	1	1	1	1	1	1	1	1	
rxn05358_c0	1	0	1	0	1	0	1	0	1	0	1	0	
rxn08019_c0	0	0	0	0	1	0	0	0	1	0	1	0	
rxn00792_c0	0	0	1	1	1	1	1	1	1	1	1	1	
rxn09156_c0	0	0	1	0	0	0	1	0	0	0	0	0	
rxn00337_c0	1	1	1	1	1	1	1	1	1	1	1	1	
rxn05534_c0	1	25	1	16	1	16	1	16	1	16	1	16	
rxn01151_c0	1	0	0	0	1	0	0	0	1	0	1	0	
rxn09112_c0	1	2	1	2	1	2	1	2	1	2	1	2	
rxn01740_c0	1	1	1	1	1	1	1	1	1	1	1	1	
rxn13360_e0	0	0	0	0	1	0	0	0	1	0	1	0	
rxn00692_c0	1	1	1	1	1	1	1	1	1	1	1	1	
rxn02473_c0	1	1	1	1	1	1	1	1	1	1	1	1	
rxn00903_c0	1	1	1	1	1	1	1	1	1	1	1	1	
rxn00256_c0	1	1	0	0	0	0	0	0	0	0	0	0	
rxn00670_c0	1	1	1	1	1	1	1	1	1	1	1	1	
rxn00548_c0	0	0	1	0	0	0	1	0	0	0	0	0	
rxn01544_c0	1	2	1	2	1	2	1	2	1	2	1	2	
rxn02373_c0	1	1	1	1	1	1	1	1	1	1	1	1	
rxn08808_c0	0	0	1	0	1	0	1	0	1	0	1	0	
rxn03513_c0	0	0	1	1	1	1	1	1	1	1	1	1	
rxn05212_c0	1	0	0	0	0	0	0	0	0	0	0	0	
rxn02916_c0	1	0	1	0	1	0	1	0	1	0	1	0	
rxn04954_c0	1	1	1	1	1	1	1	1	1	1	1	1	
rxn03194_c0	1	2	1	2	1	2	1	2	1	2	1	2	
rxn00097_c0	1	1	1	1	1	1	1	1	1	1	1	1	
rxn03393_c0	1	0	1	1	1	1	1	1	1	1	1	1	
rxn10266_c0	1	0	1	0	1	0	1	0	1	0	1	0	
rxn05537_c0	1	25	1	16	1	16	1	16	1	16	1	16	
rxn12642_c0	1	3	1	2	1	2	1	2	1	2	1	2	
rxn09114_c0	1	2	1	2	1	2	1	2	1	2	1	2	
rxn03904_c0	1	0	1	0	1	0	1	0	1	0	1	0	
rxn05342_c0	1	1	0	0	1	0	0	0	1	0	1	0	
rxn03150_c0	1	0	1	0	1	0	1	0	1	0	1	0	
rxn03421_c0	1	1	1	1	1	1	1	1	1	1	1	1	
rxn04413_c0	0	0	1	0	0	0	1	0	0	0	0	0	
rxn05039_c0	1	0	1	0	1	0	1	0	1	0	1	0	
rxn00383_c0	1	0	1	0	1	0	1	0	1	0	1	0	
rxn00161_c0	1	1	0	0	0	0	0	0	0	0	0	0	
rxn00883_c0	1	1	1	1	1	1	1	1	1	1	1	1	
rxn01450_c0	1	1	0	0	0	0	0	0	0	0	0	0	
rxn09110_c0	1	2	1	2	1	2	1	2	1	2	1	2	
rxn04675_c0	0	0	1	0	1	0	1	0	1	0	1	0	
rxn02508_c0	1	1	1	1	1	1	1	1	1	1	1	1	
rxn00297_c0	0	0	1	2	1	2	1	2	1	2	1	2	
rxn10232_c0	1	1	1	0	1	0	1	0	1	0	1	0	
rxn10227_c0	1	1	1	1	1	1	1	1	1	1	1	1	
rxn05466_c0	1	3	1	3	1	3	1	3	1	3	1	3	
rxn03395_c0	1	0	1	0	1	0	1	0	1	0	1	0	
rxn03068_c0	1	1	1	1	1	1	1	1	1	1	1	1	
rxn00141_c0	1	1	1	1	1	1	1	1	1	1	1	1	
rxn01301_c0	1	1	1	1	1	1	1	1	1	1	1	1	
rxn00907_c0	1	1	1	1	1	1	1	1	1	1	1	1	
rxn01200_c0	1	0	0	0	1	0	0	0	1	0	1	0	
rxn02938_c0	0	0	1	1	1	1	1	1	1	1	1	1	
rxn02853_c0	1	2	1	1	1	1	1	1	1	1	1	1	
rxn00414_c0	1	2	1	2	1	2	1	2	1	2	1	2	
rxn00306_c0	0	0	1	0	0	0	1	0	0	0	0	0	
rxn00350_c0	1	0	1	0	1	0	1	0	1	0	1	0	
rxn10042_c0	0	0	1	5	1	5	1	5	1	5	1	5	
rxn13783_c0	1	9	1	11	1	11	1	11	1	11	1	11	
rxn12663_e0	0	0	0	0	1	0	0	0	1	0	0	0	
rxn01000_c0	1	1	1	1	1	1	1	1	1	1	1	1	
rxn01675_c0	1	2	1	2	1	2	1	2	1	2	1	2	
rxn05367_c0	1	0	1	0	1	0	1	0	1	0	1	0	
rxn05734_c0	1	2	1	1	1	1	1	1	1	1	1	1	
rxn00187_c0	1	2	1	2	1	2	1	2	1	2	1	2	
rxn03907_c0	0	0	1	0	0	0	1	0	0	0	0	0	
rxn00139_c0	1	1	1	1	1	1	1	1	1	1	1	1	
rxn05557_c0	1	5	1	2	1	2	1	2	1	2	1	2	
rxn00882_c0	1	1	1	1	1	1	1	1	1	1	1	1	
rxn12636_c0	1	3	1	2	1	2	1	2	1	2	1	2	
rxn08710_c0	1	0	1	0	1	0	1	0	1	0	1	0	
rxn00001_c0	1	3	1	2	1	2	1	2	1	2	1	2	
rxn00293_c0	1	1	1	0	1	0	1	0	1	0	1	0	
rxn08312_c0	1	1	0	0	0	0	0	0	0	0	0	0	
rxn01682_c0	1	2	1	2	1	2	1	2	1	2	1	2	
rxn00159_c0	0	0	1	1	1	1	1	1	1	1	1	1	
rxn01466_c0	1	1	1	1	1	1	1	1	1	1	1	1	
rxn03901_c0	1	0	1	0	1	0	1	0	1	0	1	0	
rxn00300_c0	1	0	1	0	1	0	1	0	1	0	1	0	
rxn00268_c0	0	0	1	0	0	0	1	0	0	0	0	0	
rxn05452_c0	1	0	1	0	1	0	1	0	1	0	1	0	
rxn06723_c0	1	0	1	0	1	0	1	0	1	0	1	0	
rxn04052_c0	1	1	1	1	1	1	1	1	1	1	1	1	
rxn05319_c0	1	0	1	0	1	0	1	0	1	0	1	0	
rxn03514_c0	1	1	1	1	1	1	1	1	1	1	1	1	
rxn00974_c0	1	1	1	1	1	1	1	1	1	1	1	1	
rxn05517_c0	1	1	1	1	1	1	1	1	1	1	1	1	
rxn01501_c0	1	0	1	0	1	0	1	0	1	0	1	0	
rxn01353_c0	1	1	1	1	1	1	1	1	1	1	1	1	
rxn01459_c0	1	2	1	1	1	1	1	1	1	1	1	1	
rxn03159_c0	1	0	1	0	1	0	1	0	1	0	1	0	
rxn02914_c0	1	1	1	1	1	1	1	1	1	1	1	1	
rxn05251_c0	1	2	1	2	1	2	1	2	1	2	1	2	
rxn02774_c0	1	2	1	2	1	2	1	2	1	2	1	2	
rxn09106_c0	1	0	0	0	0	0	0	0	0	0	0	0	
rxn09197_c0	1	1	1	1	1	1	1	1	1	1	1	1	
rxn01332_c0	1	0	1	0	1	0	1	0	1	0	1	0	
rxn12848_c0	1	25	1	16	1	16	1	16	1	16	1	16	
rxn00302_c0	1	1	1	1	1	1	1	1	1	1	1	1	
rxn09198_c0	1	1	1	1	1	1	1	1	1	1	1	1	
rxn03012_c0	1	0	1	0	1	0	1	0	1	0	1	0	
rxn00313_c0	1	1	1	1	1	1	1	1	1	1	1	1	
rxn10262_c0	1	2	1	2	1	2	1	2	1	2	1	2	
rxn02213_c0	1	1	1	1	1	1	1	1	1	1	1	1	
rxn09163_c0	0	0	1	0	1	0	1	0	1	0	1	0	
rxn07589_c0	0	0	1	1	1	1	1	1	1	1	1	1	
rxn05229_c0	1	0	1	1	1	1	1	1	1	1	1	1	
rxn10570_c0	1	0	1	0	1	0	1	0	1	0	1	0	
rxn10123_c0	1	2	1	1	1	1	1	1	1	1	1	1	
rxn09135_c0	0	0	0	0	1	0	0	0	1	0	1	0	
rxn03541_c0	1	1	1	1	1	1	1	1	1	1	1	1	
rxn03909_c0	1	0	1	0	1	0	1	0	1	0	1	0	
rxn00125_c0	1	0	1	0	1	0	1	0	1	0	1	0	
rxn00260_c0	1	4	1	5	1	5	1	5	1	5	1	5	
rxn05315_c0	1	1	1	1	1	1	1	1	1	1	1	1	
rxn00835_c0	1	1	1	1	1	1	1	1	1	1	1	1	
rxn05596_c0	1	5	1	5	1	5	1	5	1	5	1	5	
rxn05175_e0	0	0	0	0	1	0	0	0	1	0	0	0	
rxn00148_c0	1	1	1	1	1	1	1	1	1	1	1	1	
rxn12641_c0	1	3	1	2	1	2	1	2	1	2	1	2	
rxn05602_c0	1	1	1	1	1	1	1	1	1	1	1	1	
rxn05393_c0	1	1	1	0	1	0	1	0	1	0	1	0	
rxn00355_c0	1	1	1	1	1	1	1	1	1	1	1	1	
rxn02484_c0	1	1	1	1	1	1	1	1	1	1	1	1	
rxn05499_e0	0	0	0	0	1	0	0	0	1	0	1	0	
rxn05340_c0	1	1	0	0	0	0	0	0	0	0	1	0	
rxn00650_c0	1	3	1	2	1	2	1	2	1	2	1	2	
rxn09997_c0	1	0	1	2	1	2	1	2	1	2	1	2	
rxn00410_c0	1	1	1	1	1	1	1	1	1	1	1	1	
rxn05443_c0	1	0	1	0	1	0	1	0	1	0	1	0	
rxn07191_c0	1	0	0	0	0	0	0	0	0	0	0	0	
rxn00395_c0	1	1	1	1	1	1	1	1	1	1	1	1	
rxn00947_c0	1	2	1	2	1	2	1	2	1	2	1	2	
rxn05145_c0	1	4	1	4	1	4	1	4	1	4	1	4	
rxn05384_c0	1	0	1	0	1	0	1	0	1	0	1	0	
rxn06865_c0	1	0	1	0	1	0	1	0	1	0	1	0	
rxn03182_c0	1	0	1	0	1	0	1	0	1	0	1	0	
rxn00806_c0	1	1	1	1	1	1	1	1	1	1	1	1	
rxn05507_c0	1	1	1	1	1	1	1	1	1	1	1	1	
rxn02374_c0	1	0	1	0	1	0	1	0	1	0	1	0	
rxn05405_c0	1	1	1	0	1	0	1	0	1	0	1	0	
rxn00527_c0	1	2	1	2	1	2	1	2	1	2	1	2	
rxn01851_c0	1	2	1	1	1	1	1	1	1	1	1	1	
rxn01575_c0	1	1	1	1	1	1	1	1	1	1	1	1	
rxn04045_c0	0	0	1	1	1	1	1	1	1	1	1	1	
rxn05195_c0	1	0	1	0	1	0	1	0	1	0	1	0	
rxn01100_c0	1	2	1	2	1	2	1	2	1	2	1	2	
rxn08352_c0	0	0	1	0	0	0	1	0	0	0	0	0	
rxn05221_c0	1	1	1	1	1	1	1	1	1	1	1	1	
rxn03491_c0	0	0	1	2	1	2	1	2	1	2	1	2	
rxn05439_c0	1	0	1	0	1	0	1	0	1	0	1	0	
rxn03910_c0	0	0	1	0	0	0	1	0	0	0	0	0	
rxn00800_c0	1	1	1	1	1	1	1	1	1	1	1	1	
rxn12844_c0	1	3	1	2	1	2	1	2	1	2	1	2	
rxn03537_c0	1	0	1	0	1	0	1	0	1	0	1	0	
rxn05555_c0	1	2	1	2	1	2	1	2	1	2	1	2	
rxn00931_c0	1	1	1	1	1	1	1	1	1	1	1	1	
rxn02000_c0	1	2	1	2	1	2	1	2	1	2	1	2	
rxn05461_c0	1	1	0	0	0	0	0	0	0	0	0	0	
rxn05514_c0	1	1	1	1	1	1	1	1	1	1	1	1	
rxn12634_c0	1	3	1	2	1	2	1	2	1	2	1	2	
rxn05733_c0	1	1	1	1	1	1	1	1	1	1	1	1	
rxn09206_c0	1	1	1	1	1	1	1	1	1	1	1	1	
rxn02056_c0	1	0	1	1	1	1	1	1	1	1	1	1	
rxn03511_c0	1	0	1	0	1	0	1	0	1	0	1	0	
rxn03020_c0	1	9	1	9	1	9	1	9	1	9	1	9	
rxn00910_c0	1	1	1	1	1	1	1	1	1	1	1	1	
rxn08310_c0	1	1	0	0	0	0	0	0	0	0	0	0	
rxn03079_c0	1	1	1	1	1	1	1	1	1	1	1	1	
rxn04674_c0	0	0	1	1	1	1	1	1	1	1	1	1	
rxn08131_c0	0	0	0	0	1	0	0	0	1	0	1	0	
rxn04147_c0	0	0	0	0	1	0	0	0	1	0	1	0	
rxn01637_c0	1	2	1	1	1	1	1	1	1	1	1	1	
rxn12847_c0	1	3	1	2	1	2	1	2	1	2	1	2	
rxn02339_c0	1	4	1	5	1	5	1	5	1	5	1	5	
rxn05373_c0	1	0	1	0	1	0	1	0	1	0	1	0	
rxn03135_c0	1	2	1	2	1	2	1	2	1	2	1	2	
rxn09113_c0	1	2	1	2	1	2	1	2	1	2	1	2	
rxn08335_c0	1	2	1	2	1	2	1	2	1	2	1	2	
rxn01018_c0	1	2	1	2	1	2	1	2	1	2	1	2	
rxn02186_c0	1	1	1	1	1	1	1	1	1	1	1	1	
rxn00371_c0	1	1	1	1	1	1	1	1	1	1	1	1	
rxn00179_c0	1	1	1	1	1	1	1	1	1	1	1	1	
rxn08843_c0	0	0	0	0	1	0	0	0	1	0	1	0	
rxn08976_c0	1	1	1	1	1	1	1	1	1	1	1	1	
rxn06729_c0	1	0	1	0	1	0	1	0	1	0	1	0	
rxn06591_c0	1	1	1	1	1	1	1	1	1	1	1	1	
rxn03407_c0	1	2	1	2	1	2	1	2	1	2	1	2	
rxn00029_c0	1	1	1	1	1	1	1	1	1	1	1	1	
rxn00908_c0	0	0	0	0	1	0	0	0	1	0	1	0	
rxn02431_c0	1	1	1	1	1	1	1	1	1	1	1	1	
rxn10577_e0	0	0	0	0	1	0	0	0	1	0	1	0	
rxn02304_c0	1	0	1	0	1	0	1	0	1	0	1	0	
rxn01302_c0	1	1	1	1	1	1	1	1	1	1	1	1	
rxn05418_c0	1	1	0	0	0	0	0	0	0	0	0	0	
rxn05400_c0	1	0	1	0	1	0	1	0	1	0	1	0	
rxn06299_c0	1	6	1	3	1	3	1	3	1	3	1	3	
rxn10264_c0	1	2	1	2	1	2	1	2	1	2	1	2	
rxn03918_c0	1	0	1	0	1	0	1	0	1	0	1	0	
rxn10237_c0	1	1	1	1	1	1	1	1	1	1	1	1	
rxn00935_c0	1	0	0	0	0	0	0	0	0	0	0	0	
rxn01485_c0	1	1	1	1	1	1	1	1	1	1	1	1	
rxn02835_c0	1	2	1	2	1	2	1	2	1	2	1	2	
rxn00837_c0	1	0	0	0	0	0	0	0	0	0	0	0	
rxn05394_c0	1	0	1	0	1	0	1	0	1	0	1	0	
rxn00786_c0	1	2	1	2	1	2	1	2	1	2	1	2	
rxn02341_c0	1	1	1	1	1	1	1	1	1	1	1	1	
rxn06874_c0	1	10	1	11	1	11	1	11	1	11	1	11	
rxn05344_c0	1	0	0	0	0	0	0	0	0	0	0	0	
rxn00881_c0	1	1	1	1	1	1	1	1	1	1	1	1	
rxn03908_c0	0	0	1	0	0	0	1	0	0	0	0	0	
rxn05430_c0	1	1	0	0	0	0	0	0	0	0	0	0	
rxn11937_c0	1	0	0	0	0	0	0	0	0	0	0	0	
rxn00782_c0	1	2	1	2	1	2	1	2	1	2	1	2	
rxn03990_c0	1	0	0	0	0	0	0	0	0	0	0	0	
rxn03181_c0	1	0	1	0	1	0	1	0	1	0	1	0	
rxn05545_c0	1	25	1	16	1	16	1	16	1	16	1	16	
rxn00743_c0	1	1	1	1	1	1	1	1	1	1	1	1	
rxn01258_c0	1	0	1	0	1	0	1	0	1	0	1	0	
rxn10225_c0	1	1	0	0	0	0	0	0	0	0	0	0	
rxn05312_c0	0	0	0	0	0	0	0	0	0	0	1	0	
rxn05541_c0	1	25	1	16	1	16	1	16	1	16	1	16	
rxn00416_c0	1	1	1	1	1	1	1	1	1	1	1	1	
rxn10954_c0	0	0	0	0	1	0	0	0	1	0	1	0	
rxn08306_c0	1	1	0	0	0	0	0	0	0	0	0	0	
rxn00213_c0	1	2	1	2	1	2	1	2	1	2	1	2	
rxn05433_c0	1	0	1	0	1	0	1	0	1	0	1	0	
rxn10904_c0	1	0	1	0	1	0	1	0	1	0	0	0	
rxn08618_c0	1	0	1	0	1	0	1	0	1	0	1	0	
rxn03962_c0	1	2	1	1	1	1	1	1	1	1	1	1	
rxn05436_c0	1	0	1	0	1	0	1	0	1	0	1	0	
rxn08815_c0	0	0	1	0	1	0	1	0	1	0	1	0	
rxn03437_c0	1	1	1	1	1	1	1	1	1	1	1	1	
rxn00952_c0	1	1	1	1	1	1	1	1	1	1	1	1	
rxn00085_c0	1	1	1	2	1	2	1	2	1	2	1	2	
rxn01270_c0	1	1	1	1	1	1	1	1	1	1	1	1	
rxn05336_c0	1	1	0	0	0	0	0	0	0	0	0	0	
rxn05442_c0	1	0	1	0	1	0	1	0	1	0	1	0	
rxn05151_e0	0	0	0	0	1	0	0	0	1	0	1	0	
rxn00151_c0	1	1	1	1	1	1	1	1	1	1	1	1	
rxn00916_c0	0	0	0	0	1	0	0	0	1	0	1	0	
rxn00979_c0	1	0	1	0	0	0	1	0	0	0	0	0	
rxn00105_c0	1	1	1	1	1	1	1	1	1	1	1	1	
rxn02504_c0	1	0	1	0	1	0	1	0	1	0	1	0	
rxn10235_c0	1	1	1	1	1	1	1	1	1	1	1	1	
rxn03891_c0	0	0	0	0	1	0	0	0	1	0	1	0	
rxn05223_c0	1	1	1	1	1	1	1	1	1	1	1	1	
rxn00248_c0	1	1	1	1	1	1	1	1	1	1	1	1	
rxn03439_c0	1	0	1	0	1	0	1	0	1	0	1	0	
rxn00790_c0	1	1	1	1	1	1	1	1	1	1	1	1	
rxn01211_c0	1	1	1	1	1	1	1	1	1	1	1	1	
rxn01106_c0	1	3	1	3	1	3	1	3	1	3	1	3	
rxn01073_c0	0	0	1	0	1	0	1	0	1	0	1	0	
rxn05335_c0	0	0	0	0	1	0	0	0	1	0	1	0	
rxn02937_c0	1	1	1	0	1	0	1	0	1	0	1	0	
rxn09203_c0	1	1	1	1	1	1	1	1	1	1	1	1	
rxn05181_c0	1	3	1	3	1	3	1	3	1	3	1	3	
rxn05377_c0	1	0	1	0	1	0	1	0	1	0	1	0	
rxn10215_c0	1	0	1	0	1	0	1	0	1	0	1	0	
rxn10094_c0	1	0	1	0	1	0	1	0	1	0	1	0	
rxn06937_c0	1	1	1	1	1	1	1	1	1	1	1	1	
rxn08020_c0	0	0	0	0	1	0	0	0	1	0	1	0	
rxn03535_c0	1	1	1	1	1	1	1	1	1	1	1	1	
rxn05172_c0	1	1	1	1	1	1	1	1	1	1	1	1	
rxn12646_c0	1	3	1	2	1	2	1	2	1	2	1	2	
rxn00065_c0	1	1	1	1	1	1	1	1	1	1	1	1	
rxn05618_c0	1	0	1	0	0	0	1	0	0	0	0	0	
rxn12008_c0	0	0	0	0	1	0	0	0	1	0	1	0	
rxn03916_c0	1	0	1	0	1	0	1	0	1	0	1	0	
rxn10261_c0	1	2	1	2	1	2	1	2	1	2	1	2	
rxn01790_c0	1	1	1	1	1	1	1	1	1	1	1	1	
rxn03512_c0	1	1	1	1	1	1	1	1	1	1	1	1	
rxn01519_c0	1	1	1	1	1	1	1	1	1	1	1	1	
rxn09532_c0	0	0	1	0	0	0	1	0	0	0	0	0	
rxn01268_c0	1	1	1	1	1	1	1	1	1	1	1	1	
rxn08709_c0	1	0	1	0	1	0	1	0	1	0	1	0	
rxn11946_c0	1	0	1	0	1	0	1	0	1	0	1	0	
rxn05236_c0	1	1	1	1	1	1	1	1	1	1	1	1	
rxn00912_c0	0	0	0	0	1	0	0	0	1	0	1	0	
rxn03075_c0	1	1	1	1	1	1	1	1	1	1	1	1	
rxn00208_c0	1	1	0	0	0	0	0	0	0	0	0	0	
rxn11535_c0	0	0	1	0	0	0	1	0	0	0	0	0	
rxn00471_c0	1	1	1	1	1	1	1	1	1	1	1	1	
rxn02003_c0	1	1	1	1	1	1	1	1	1	1	1	1	
rxn01643_c0	1	1	1	1	1	1	1	1	1	1	1	1	
rxn01967_c0	1	2	1	1	1	1	1	1	1	1	1	1	
rxn04308_c0	1	2	1	3	1	3	1	3	1	3	1	3	
rxn09208_c0	1	1	1	1	1	1	1	1	1	1	1	1	
rxn05232_c0	1	1	1	1	1	1	1	1	1	1	1	1	
rxn09109_c0	1	2	1	2	1	2	1	2	1	2	1	2	
rxn02177_c0	0	0	1	1	1	1	1	1	1	1	1	1	
rxn00533_c0	1	0	1	0	1	0	1	0	1	0	1	0	
rxn10260_c0	1	2	1	2	1	2	1	2	1	2	1	2	
rxn00192_c0	1	1	1	1	1	1	1	1	1	1	1	1	
rxn05249_c0	1	2	1	2	1	2	1	2	1	2	1	2	
rxn08333_c0	1	0	1	0	1	0	1	0	1	0	1	0	
rxn01219_c0	1	1	1	1	1	1	1	1	1	1	1	1	
rxn05542_c0	1	25	1	16	1	16	1	16	1	16	1	16	
rxn05547_c0	1	25	1	16	1	16	1	16	1	16	1	16	
rxn01629_c0	1	1	1	1	1	1	1	1	1	1	1	1	
rxn00776_c0	1	2	1	1	1	1	1	1	1	1	1	1	
rxn12644_c0	1	3	1	2	1	2	1	2	1	2	1	2	
rxn01977_c0	1	1	1	1	1	1	1	1	1	1	1	1	
rxn00863_c0	1	1	1	1	1	1	1	1	1	1	1	1	
rxn05389_c0	1	1	1	0	1	0	1	0	1	0	1	0	
rxn03174_c0	1	1	1	1	1	1	1	1	1	1	1	1	
rxn05234_c0	1	1	1	1	1	1	1	1	1	1	1	1	
rxn00006_c0	1	1	1	1	1	1	1	1	1	1	1	1	
rxn00237_c0	1	1	1	1	1	1	1	1	1	1	1	1	
rxn01513_c0	1	1	1	1	1	1	1	1	1	1	1	1	
rxn09451_c0	1	0	1	0	0	0	1	0	0	0	0	0	
rxn10147_c0	1	3	1	1	1	1	1	1	1	1	1	1	
rxn05338_c0	1	1	0	0	0	0	0	0	0	0	0	0	
rxn05364_c0	1	1	1	0	1	0	1	0	1	0	1	0	
rxn00432_c0	1	0	1	0	0	0	1	0	0	0	0	0	
rxn00346_c0	1	0	1	0	1	0	1	0	1	0	1	0	
rxn00137_c0	0	0	1	0	0	0	1	0	0	0	0	0	
rxn00412_c0	1	1	1	1	1	1	1	1	1	1	1	1	
rxn01360_c0	1	2	1	2	1	2	1	2	1	2	1	2	
rxn05149_e0	0	0	0	0	1	0	0	0	1	0	1	0	
rxn00119_c0	1	0	1	0	1	0	1	0	1	0	1	0	
rxn02404_c0	0	0	1	0	0	0	1	0	0	0	0	0	
rxn01964_c0	1	2	1	2	1	2	1	2	1	2	1	2	
rxn05539_c0	1	25	1	16	1	16	1	16	1	16	1	16	
rxn00830_c0	1	1	1	1	1	1	1	1	1	1	1	1	
rxn00599_c0	1	0	0	0	0	0	0	0	0	0	0	0	
rxn10220_c0	1	1	1	0	1	0	1	0	1	0	1	0	
rxn02897_c0	1	1	1	1	1	1	1	1	1	1	1	1	
rxn10473_c0	1	2	1	1	1	1	1	1	1	1	1	1	
rxn01255_c0	1	1	1	1	1	1	1	1	1	1	1	1	
rxn05289_c0	1	1	1	1	1	1	1	1	1	1	1	1	
rxn12225_c0	1	0	1	0	1	0	1	0	1	0	1	0	
rxn11174_c0	0	0	1	0	0	0	1	0	0	0	0	0	
rxn05457_c0	0	0	1	0	1	0	1	0	1	0	1	0	
rxn00211_c0	0	0	1	3	1	3	1	3	1	3	1	3	
rxn01148_c0	1	0	0	0	0	0	0	0	0	0	0	0	
rxn00832_c0	1	1	1	2	1	2	1	2	1	2	1	2	
rxn03893_c0	1	0	1	1	1	1	1	1	1	1	1	1	
rxn02185_c0	1	2	1	2	1	2	1	2	1	2	1	2	
rxn03644_c0	0	0	1	1	1	1	1	1	1	1	1	1	
rxn10118_c0	1	1	1	2	1	2	1	2	1	2	1	2	
rxn13477_c0	0	0	0	0	1	0	0	0	1	0	1	0	
rxn02811_c0	1	2	1	2	1	2	1	2	1	2	1	2	
rxn09180_c0	1	0	1	0	1	0	1	0	1	0	1	0	
rxn03435_c0	1	1	1	1	1	1	1	1	1	1	1	1	
rxn05938_c0	1	5	1	4	1	4	1	4	1	4	1	4	
rxn00290_c0	1	0	0	0	0	0	0	0	0	0	0	0	
rxn00693_c0	0	0	1	0	1	0	1	0	1	0	0	0	
rxn01434_c0	1	1	1	1	1	1	1	1	1	1	1	1	
rxn00278_c0	0	0	1	0	1	0	1	0	1	0	1	0	
rxn10113_c0	1	2	1	2	1	2	1	2	1	2	1	2	
rxn12220_c0	1	0	1	0	1	0	1	0	1	0	1	0	
rxn10541_c0	1	0	1	0	1	0	1	0	1	0	1	0	
rxn00640_c0	0	0	1	1	1	1	1	1	1	1	1	1	
rxn09471_c0	1	0	1	0	0	0	1	0	0	0	0	0	
rxn01217_c0	1	1	1	1	1	1	1	1	1	1	1	1	
rxn05404_c0	1	0	1	0	1	0	1	0	1	0	1	0	
rxn05392_c0	1	0	1	0	1	0	1	0	1	0	1	0	
rxn00333_c0	1	0	1	0	0	0	1	0	0	0	0	0	
rxn01454_c0	1	1	1	1	1	1	1	1	1	1	1	1	
rxn05187_c0	1	3	1	1	1	1	1	1	1	1	1	1	
rxn02264_c0	1	1	1	1	1	1	1	1	1	1	1	1	
rxn11537_c0	0	0	1	0	0	0	1	0	0	0	0	0	
rxn05744_c0	0	0	1	0	1	0	1	0	1	0	1	0	
rxn05305_c0	1	1	1	1	1	1	1	1	1	1	1	1	
rxn11944_c0	1	2	0	0	0	0	0	0	0	0	1	0	
rxn05371_c0	1	0	1	0	1	0	1	0	1	0	1	0	
rxn09690_c0	1	0	0	0	0	0	0	0	0	0	0	0	
rxn09111_c0	1	2	1	2	1	2	1	2	1	2	1	2	
rxn03409_c0	1	2	1	2	1	2	1	2	1	2	1	2	
rxn10785_c0	1	0	1	0	0	0	1	0	0	0	0	0	
rxn12638_c0	1	3	1	2	1	2	1	2	1	2	1	2	
rxn07587_c0	0	0	1	1	1	1	1	1	1	1	1	1	
rxn09210_c0	1	1	1	1	1	1	1	1	1	1	1	1	
rxn00251_c0	1	1	1	1	1	1	1	1	1	1	1	1	
rxn03085_c0	1	1	1	1	1	1	1	1	1	1	1	1	
rxn12239_c0	1	0	1	0	1	0	1	0	1	0	1	0	
rxn10577_c0	1	0	1	0	0	0	1	0	0	0	0	0	
rxn00438_c0	1	1	1	1	1	1	1	1	1	1	1	1	
rxn06077_c0	1	1	1	1	1	1	1	1	1	1	1	1	
rxn11544_c0	0	0	1	2	1	2	1	2	1	2	1	2	
rxn12224_c0	1	0	1	0	1	0	1	0	1	0	1	0	
rxn00209_c0	1	1	0	0	0	0	0	0	0	0	0	0	
rxn00566_c0	1	0	1	0	1	0	1	0	1	0	1	0	
rxn00117_c0	1	1	1	1	1	1	1	1	1	1	1	1	
rxn00558_c0	1	1	1	1	1	1	1	1	1	1	1	1	
rxn05533_c0	1	25	1	16	1	16	1	16	1	16	1	16	
rxn00122_c0	0	0	1	0	1	0	1	0	1	0	1	0	
rxn01269_c0	1	1	1	1	1	1	1	1	1	1	1	1	
rxn01673_c0	1	1	1	1	1	1	1	1	1	1	1	1	
rxn00926_c0	1	1	1	1	1	1	1	1	1	1	1	1	
rxn09108_c0	1	2	1	2	1	2	1	2	1	2	1	2	
rxn05339_c0	1	1	0	0	0	0	0	0	0	0	1	0	
rxn00609_c0	1	1	1	1	1	1	1	1	1	1	1	1	
rxn03127_c0	1	3	1	3	1	3	1	3	1	3	1	3	
rxn03843_c0	1	2	1	3	1	3	1	3	1	3	1	3	
rxn01116_c0	1	0	0	0	1	0	0	0	1	0	1	0	
rxn02480_c0	1	1	1	1	1	1	1	1	1	1	1	1	
rxn00985_c0	1	1	1	1	1	1	1	1	1	1	1	1	
rxn05360_c0	1	1	1	0	1	0	1	0	1	0	1	0	
rxn00138_c0	1	2	1	2	1	2	1	2	1	2	1	2	
rxn03167_c0	1	1	1	1	1	1	1	1	1	1	1	1	
rxn08308_c0	1	1	0	0	0	0	0	0	0	0	0	0	
rxn01069_c0	1	1	1	1	1	1	1	1	1	1	1	1	
rxn06078_c0	1	1	1	1	1	1	1	1	1	1	1	1	
rxn00272_c0	1	0	0	0	0	0	0	0	0	0	0	0	
rxn01917_c0	1	1	1	1	1	1	1	1	1	1	1	1	
rxn01256_c0	1	0	1	0	1	0	1	0	1	0	1	0	
rxn00549_c0	1	1	1	1	1	1	1	1	1	1	1	1	
rxn00763_c0	1	2	1	1	1	1	1	1	1	1	1	1	
rxn05116_c0	1	0	1	0	1	0	1	0	1	0	1	0	
rxn05740_c0	1	2	1	1	1	1	1	1	1	1	1	1	
rxn00077_c0	1	1	1	1	1	1	1	1	1	1	1	1	
rxn05150_c0	1	3	1	3	1	3	1	3	1	3	1	3	
rxn00048_c0	1	1	1	1	1	1	1	1	1	1	1	1	
rxn00423_c0	1	1	1	1	1	1	1	1	1	1	1	1	
rxn10626_c0	1	0	0	0	0	0	0	0	0	0	0	0	
rxn05397_c0	1	1	1	0	1	0	1	0	1	0	1	0	
rxn05369_c0	1	0	1	0	1	0	1	0	1	0	1	0	
rxn05209_c0	1	3	1	1	1	1	1	1	1	1	1	1	
rxn01114_c0	0	0	0	0	1	0	0	0	1	0	1	0	
rxn00726_c0	1	2	1	2	1	2	1	2	1	2	1	2	
rxn01602_c0	1	1	1	1	1	1	1	1	1	1	1	1	
rxn05291_c0	0	0	1	0	1	0	1	0	1	0	0	0	
rxn02483_c0	1	6	1	5	1	5	1	5	1	5	1	5	
rxn05536_c0	1	25	1	16	1	16	1	16	1	16	1	16	
rxn05250_c0	1	2	1	2	1	2	1	2	1	2	1	2	
rxn00707_c0	1	1	1	1	1	1	1	1	1	1	1	1	
rxn02667_c0	0	0	0	0	1	0	0	0	1	0	0	0	
rxn06672_c0	1	1	1	1	1	1	1	1	1	1	1	1	
rxn05119_c0	1	1	1	1	1	1	1	1	1	1	1	1	
rxn00056_c0	1	0	1	0	0	0	1	0	0	0	0	0	
rxn05616_c0	1	2	1	1	1	1	1	1	1	1	1	1	
rxn03538_c0	1	0	1	1	1	1	1	1	1	1	1	1	
rxn00147_c0	1	2	1	1	1	1	1	1	1	1	1	1	
rxn01991_c0	1	0	1	0	1	0	1	0	1	0	1	0	
rxn00493_c0	1	2	1	2	1	2	1	2	1	2	1	2	
rxn13781_e0	0	0	0	0	1	0	0	0	1	0	0	0	
rxn10223_c0	1	1	0	0	0	0	0	0	0	0	0	0	
rxn00506_c0	1	2	1	1	1	1	1	1	1	1	1	1	
rxn00224_c0	1	0	1	0	1	0	1	0	1	0	1	0	
rxn10124_c0	1	2	1	1	1	1	1	1	1	1	1	1	
rxn05390_c0	1	0	1	0	1	0	1	0	1	0	1	0	
rxn08015_c0	1	0	1	0	0	0	1	0	0	0	0	0	
rxn00898_c0	1	1	1	1	1	1	1	1	1	1	1	1	
rxn04456_c0	1	0	1	0	1	0	1	0	1	0	1	0	
rxn01213_c0	1	1	1	1	1	1	1	1	1	1	1	1	
rxn02402_c0	1	1	1	1	1	1	1	1	1	1	1	1	
rxn00515_c0	1	1	1	1	1	1	1	1	1	1	1	1	
rxn05375_c0	1	0	1	0	1	0	1	0	1	0	1	0	
rxn00559_c0	1	2	0	0	0	0	0	0	0	0	0	0	
rxn13784_c0	1	1	1	1	1	1	1	1	1	1	1	1	
rxn00714_c0	0	0	1	1	1	1	1	1	1	1	1	1	
rxn05028_c0	1	0	1	0	0	0	1	0	0	0	0	0	
rxn05255_e0	0	0	0	0	1	0	0	0	1	0	1	0	
rxn04046_c0	1	1	1	1	1	1	1	1	1	1	1	1	
rxn05444_c0	1	0	1	0	1	0	1	0	1	0	1	0	
rxn03540_c0	0	0	1	1	1	1	1	1	1	1	1	1	
rxn05722_e0	0	0	0	0	1	0	0	0	1	0	0	0	
rxn02166_c0	1	1	1	1	1	1	1	1	1	1	1	1	
rxn01208_c0	1	0	1	0	1	0	1	0	1	0	1	0	
rxn08688_c0	0	0	1	0	1	0	1	0	1	0	0	0	
rxn09429_c0	0	0	1	0	1	0	1	0	1	0	1	0	
rxn02320_c0	1	1	1	1	1	1	1	1	1	1	1	1	
rxn10474_c0	1	2	1	1	1	1	1	1	1	1	1	1	
rxn00966_c0	1	1	0	0	1	0	0	0	1	0	0	0	
rxn00717_c0	0	0	0	0	0	0	0	0	0	0	1	0	
rxn01300_c0	1	0	1	0	1	0	1	0	1	0	1	0	
rxn01792_c0	1	0	0	0	0	0	0	0	0	0	0	0	
rxn03146_c0	1	0	1	0	1	0	1	0	1	0	1	0	
rxn00770_c0	1	1	1	1	1	1	1	1	1	1	1	1	
rxn01806_c0	1	0	0	0	0	0	0	0	0	0	0	0	
rxn00905_c0	1	0	1	0	0	0	1	0	0	0	0	0	
rxn10568_c0	1	0	1	0	1	0	1	0	1	0	0	0	
rxn00102_c0	1	1	1	1	1	1	1	1	1	1	1	1	
rxn10231_c0	1	1	1	1	1	1	1	1	1	1	1	1	
rxn05144_c0	1	2	1	2	1	2	1	2	1	2	1	2	
rxn00902_c0	1	2	1	2	1	2	1	2	1	2	1	2	
rxn02175_c0	1	1	1	1	1	1	1	1	1	1	1	1	
rxn01739_c0	1	2	1	2	1	2	1	2	1	2	1	2	
rxn02160_c0	1	0	1	0	1	0	1	0	1	0	1	0	
rxn00781_c0	1	2	1	2	1	2	1	2	1	2	1	2	
rxn00799_c0	1	3	1	3	1	3	1	3	1	3	1	3	
rxn09449_c0	1	2	1	2	1	2	1	2	1	2	1	2	
rxn00292_c0	0	0	1	2	1	2	1	2	1	2	1	2	
rxn00126_c0	1	2	1	1	1	1	1	1	1	1	1	1	
rxn01265_c0	1	1	1	1	1	1	1	1	1	1	1	1	
rxn10857_e0	0	0	0	0	1	0	0	0	1	0	1	0	
rxn04385_c0	1	1	1	1	1	1	1	1	1	1	1	1	
rxn05365_c0	1	0	1	0	1	0	1	0	1	0	1	0	
rxn00461_c0	1	1	1	0	1	0	1	0	1	0	1	0	
rxn00182_c0	1	1	1	1	1	1	1	1	1	1	1	1	
rxn01520_c0	1	2	1	1	1	1	1	1	1	1	1	1	
rxn10449_e0	0	0	0	0	1	0	0	0	1	0	1	0	
rxn09199_c0	1	1	1	1	1	1	1	1	1	1	1	1	
rxn12849_c0	1	25	1	16	1	16	1	16	1	16	1	16	
rxn05179_e0	0	0	0	0	1	0	0	0	1	0	0	0	
rxn12851_c0	1	25	1	16	1	16	1	16	1	16	1	16	
rxn01286_c0	1	2	1	1	1	1	1	1	1	1	1	1	
rxn10204_c0	1	0	0	0	0	0	0	0	0	0	0	0	
rxn04132_c0	1	0	1	0	1	0	1	0	1	0	1	0	
rxn02507_c0	1	1	1	1	1	1	1	1	1	1	1	1	
rxn06979_c0	0	0	1	2	1	2	1	2	1	2	1	2	
rxn00915_c0	1	2	1	2	1	2	1	2	1	2	1	2	
rxn12664_e0	0	0	0	0	1	0	0	0	1	0	1	0	
rxn03436_c0	1	1	1	1	1	1	1	1	1	1	1	1	
rxn00467_c0	0	0	0	0	1	0	0	0	1	0	0	0	
rxn10228_c0	1	1	1	1	1	1	1	1	1	1	1	1	
rxn00430_c0	0	0	0	0	1	0	0	0	1	0	1	0	
rxn06196_c0	1	0	0	0	1	0	0	0	1	0	1	0	
rxn01127_c0	1	1	1	1	1	1	1	1	1	1	1	1	
rxn00839_c0	1	1	1	1	1	1	1	1	1	1	1	1	
rxn05515_c0	1	3	1	1	1	1	1	1	1	1	1	1	
rxn05893_c0	1	0	0	0	0	0	0	0	0	0	0	0	
rxn03643_c0	0	0	1	2	1	2	1	2	1	2	1	2	
rxn00508_c0	1	2	1	2	1	2	1	2	1	2	1	2	
rxn01333_c0	1	0	1	0	1	0	1	0	1	0	0	0	
rxn10336_c0	1	0	1	0	1	0	1	0	1	0	1	0	
rxn05396_c0	1	0	1	0	1	0	1	0	1	0	1	0	
rxn05040_c0	1	1	1	1	1	1	1	1	1	1	1	1	
rxn02212_c0	1	1	1	1	1	1	1	1	1	1	1	1	
rxn00186_c0	0	0	1	1	1	1	1	1	1	1	1	1	
rxn02895_c0	1	1	1	1	1	1	1	1	1	1	1	1	
rxn03536_c0	1	0	0	0	1	0	0	0	1	0	1	0	
rxn04048_c0	1	1	1	1	1	1	1	1	1	1	1	1	
rxn00173_c0	1	1	1	1	1	1	1	1	1	1	1	1	
rxn02775_c0	1	1	1	1	1	1	1	1	1	1	1	1	
rxn12643_c0	1	3	1	2	1	2	1	2	1	2	1	2	
rxn00973_c0	1	1	1	1	1	1	1	1	1	1	1	1	
rxn08809_c0	0	0	1	0	1	0	1	0	1	0	1	0	
rxn06848_c0	1	0	1	0	1	0	1	0	1	0	1	0	
rxn12637_c0	1	3	1	2	1	2	1	2	1	2	1	2	
rxn02187_c0	1	1	1	1	1	1	1	1	1	1	1	1	
rxn09177_c0	1	1	1	1	1	1	1	1	1	1	1	1	
rxn04384_c0	0	0	1	1	1	1	1	1	1	1	1	1	
rxn01388_c0	1	1	1	1	1	1	1	1	1	1	1	1	
rxn00547_c0	1	1	1	1	1	1	1	1	1	1	1	1	
rxn12512_c0	1	1	1	1	1	1	1	1	1	1	1	1	
rxn10337_c0	1	0	1	0	1	0	1	0	1	0	1	0	
rxn03057_c0	1	1	1	1	1	1	1	1	1	1	1	1	
rxn03445_c0	1	1	1	1	1	1	1	1	1	1	1	1	
rxn05267_c0	0	0	0	0	1	0	0	0	1	0	0	0	
rxn05467_c0	1	0	1	0	1	0	1	0	1	0	1	0	
rxn08713_c0	1	0	1	0	1	0	1	0	1	0	1	0	
rxn00710_c0	1	1	1	1	1	1	1	1	1	1	1	1	
rxn00399_c0	1	0	0	0	0	0	0	0	0	0	0	0	
rxn09296_c0	1	7	1	4	1	4	1	4	1	4	1	4	
rxn05957_c0	1	1	1	1	1	1	1	1	1	1	1	1	
rxn05528_c0	0	0	1	1	1	1	1	1	1	1	1	1	
rxn05551_e0	0	0	0	0	1	0	0	0	1	0	1	0	
rxn05422_c0	1	1	0	0	0	0	0	0	0	0	0	0	
rxn05193_c0	1	3	1	3	1	3	1	3	1	3	1	3	
rxn08336_c0	1	2	1	2	1	2	1	2	1	2	1	2	
rxn05426_c0	1	1	0	0	0	0	0	0	0	0	0	0	
rxn00178_c0	1	0	1	0	1	0	1	0	1	0	1	0	
rxn10263_c0	1	2	1	2	1	2	1	2	1	2	1	2	
rxn00785_c0	1	0	0	0	1	0	0	0	1	0	1	0	
rxn08017_c0	1	0	0	0	0	0	0	0	0	0	0	0	
rxn08975_c0	1	1	1	1	1	1	1	1	1	1	1	1	
rxn09225_c0	1	0	1	0	1	0	1	0	1	0	1	0	
rxn10226_c0	1	1	1	1	1	1	1	1	1	1	1	1	
rxn10122_c0	1	2	1	1	1	1	1	1	1	1	1	1	
rxn00321_c0	1	1	1	1	1	1	1	1	1	1	1	1	
rxn02011_c0	1	0	1	0	1	0	1	0	1	0	1	0	
rxn06022_c0	1	0	1	0	1	0	1	0	1	0	1	0	
rxn00686_c0	1	1	1	1	1	1	1	1	1	1	1	1	
rxn03062_c0	1	2	1	1	1	1	1	1	1	1	1	1	
rxn05544_c0	1	25	1	16	1	16	1	16	1	16	1	16	
rxn10806_c0	1	2	1	2	1	2	1	2	1	2	1	2	
rxn00060_c0	1	1	1	1	1	1	1	1	1	1	1	1	
rxn05667_c0	1	0	1	0	1	0	1	0	1	0	1	0	
rxn05386_c0	1	0	1	0	1	0	1	0	1	0	1	0	
rxn03136_c0	1	1	1	1	1	1	1	1	1	1	1	1	
rxn05402_c0	1	0	1	0	1	0	1	0	1	0	1	0	
rxn13782_c0	1	20	1	19	1	19	1	19	1	19	1	19	
rxn02286_c0	1	0	1	0	1	0	1	0	1	0	1	0	
rxn10052_c0	1	1	1	1	1	1	1	1	1	1	1	1	
rxn00011_c0	1	3	1	3	1	3	1	3	1	3	1	3	
rxn02285_c0	1	1	1	0	1	0	1	0	1	0	1	0	
rxn10481_c0	0	0	1	1	1	1	1	1	1	1	1	1	
rxn00100_c0	1	1	1	1	1	1	1	1	1	1	1	1	
rxn00239_c0	1	0	0	0	0	0	0	0	0	0	0	0	
rxn00747_c0	1	1	1	1	1	1	1	1	1	1	1	1	
rxn03108_c0	1	1	1	1	1	1	1	1	1	1	1	1	
rxn05383_c0	1	0	1	0	1	0	1	0	1	0	1	0	
rxn04016_c0	1	1	0	0	0	0	0	0	0	0	0	0	
rxn07575_c0	1	0	0	0	0	0	0	0	0	0	0	0	
rxn00958_c0	1	0	1	0	1	0	1	0	1	0	1	0	
rxn01664_c0	1	0	1	0	1	0	1	0	1	0	1	0	
rxn03841_c0	1	0	1	0	1	0	1	0	1	0	1	0	
rxn03130_c0	1	0	1	0	1	0	1	0	1	0	1	0	
rxn02155_c0	1	0	1	0	1	0	1	0	1	0	1	0	
rxn12846_c0	1	3	1	2	1	2	1	2	1	2	1	2	
rxn09562_c0	0	0	1	0	1	0	1	0	1	0	1	0	
rxn01152_c0	0	0	0	0	1	0	0	0	1	0	1	0	
rxn05351_c0	0	0	0	0	1	0	0	0	1	0	1	0	
rxn14012_c0	1	0	1	0	0	0	1	0	0	0	0	0	
rxn00121_c0	1	0	0	0	0	0	0	0	0	0	0	0	
rxn01465_c0	1	1	1	1	1	1	1	1	1	1	1	1	
rxn00789_c0	1	1	1	1	1	1	1	1	1	1	1	1	
rxn08711_c0	1	0	1	0	1	0	1	0	1	0	1	0	
rxn10163_e0	0	0	0	0	1	0	0	0	1	0	1	0	
rxn05438_c0	1	0	1	0	1	0	1	0	1	0	1	0	
rxn00202_c0	1	1	0	0	0	0	0	0	0	0	0	0	
rxn12639_c0	1	3	1	2	1	2	1	2	1	2	1	2	
rxn05171_c0	1	1	1	1	1	1	1	1	1	1	1	1	
rxn14184_c0	1	0	0	0	0	0	0	0	0	0	0	0	
rxn05414_c0	1	1	0	0	0	0	0	0	0	0	1	0	
rxn00206_c0	1	1	1	1	1	1	1	1	1	1	1	1	
rxn10663_c0	1	0	0	0	0	0	0	0	0	0	0	0	
rxn09310_c0	1	2	1	3	1	3	1	3	1	3	1	3	
rxn06195_c0	1	0	0	0	1	0	0	0	1	0	1	0	
rxn07438_c0	1	1	1	1	1	1	1	1	1	1	1	1	
rxn12633_c0	1	3	1	2	1	2	1	2	1	2	1	2	
rxn05252_c0	1	2	1	2	1	2	1	2	1	2	1	2	
rxn00834_c0	0	0	1	0	1	0	1	0	1	0	1	0	
rxn03638_c0	1	1	1	0	1	0	1	0	1	0	1	0	
rxn00295_c0	1	4	1	2	1	2	1	2	1	2	1	2	
rxn02831_c0	1	0	1	0	1	0	1	0	1	0	1	0	
rxn08954_c0	1	0	1	0	1	0	1	0	1	0	1	0	
rxn01022_c0	1	1	1	1	1	1	1	1	1	1	1	1	
rxn05363_c0	1	0	1	0	1	0	1	0	1	0	1	0	
rxn03919_c0	1	0	1	0	1	0	1	0	1	0	1	0	
rxn02063_c0	0	0	0	0	1	0	0	0	1	0	1	0	
rxn00641_c0	1	2	1	2	1	2	1	2	1	2	1	2	
rxn00914_c0	1	1	1	1	1	1	1	1	1	1	1	1	
rxn09200_c0	1	1	1	1	1	1	1	1	1	1	1	1	
rxn10832_e0	0	0	0	0	1	0	0	0	1	0	1	0	
rxn06493_c0	1	1	1	1	1	1	1	1	1	1	1	1	
rxn08766_c0	0	0	0	0	1	0	0	0	1	0	1	0	
rxn09038_c0	1	0	0	0	0	0	0	0	0	0	0	0	
rxn08311_c0	1	1	0	0	0	0	0	0	0	0	0	0	
rxn02929_c0	1	0	1	1	1	1	1	1	1	1	1	1	
rxn03446_c0	1	1	1	1	1	1	1	1	1	1	1	1	
rxn05735_c0	1	2	1	1	1	1	1	1	1	1	1	1	
rxn02008_c0	1	0	1	0	1	0	1	0	1	0	1	0	
rxn10229_c0	1	1	1	1	1	1	1	1	1	1	1	1	
rxn05902_c0	1	0	0	0	0	0	0	0	0	0	0	0	
rxn09436_c0	1	0	1	0	0	0	1	0	0	0	0	0	
rxn12645_c0	1	3	1	2	1	2	1	2	1	2	1	2	
rxn12510_c0	1	1	1	1	1	1	1	1	1	1	1	1	
rxn12640_c0	1	3	1	2	1	2	1	2	1	2	1	2	
rxn00194_c0	1	1	1	1	1	1	1	1	1	1	1	1	
rxn05504_c0	1	3	1	3	1	3	1	3	1	3	1	3	
rxn02476_c0	1	0	1	1	1	1	1	1	1	1	1	1	
rxn12850_c0	1	25	1	16	1	16	1	16	1	16	1	16	
rxn02305_c0	1	3	1	1	1	1	1	1	1	1	1	1	
rxn08971_c0	1	1	1	1	1	1	1	1	1	1	1	1	
rxn00299_c0	1	1	1	1	1	1	1	1	1	1	1	1	
rxn00245_c0	1	2	1	2	1	2	1	2	1	2	1	2	
rxn02666_c0	1	0	1	0	1	0	1	0	1	0	1	0	
rxn05385_c0	1	1	1	0	1	0	1	0	1	0	1	0	
rxn05514_e0	0	0	0	0	1	0	0	0	1	0	1	0	
rxn02789_c0	1	2	1	2	1	2	1	2	1	2	1	2	
rxn02322_c0	1	0	1	0	1	0	1	0	1	0	1	0	
rxn10236_c0	1	1	1	1	1	1	1	1	1	1	1	1	
rxn10060_c0	1	1	1	1	1	1	1	1	1	1	1	1	
rxn03173_c0	0	0	1	0	0	0	1	0	0	0	0	0	
rxn03406_c0	1	2	1	2	1	2	1	2	1	2	1	2	
rxn09450_c0	1	2	1	2	1	2	1	2	1	2	1	2	
rxn00829_c0	1	0	1	0	1	0	1	0	1	0	1	0	
rxn01241_c0	1	1	1	1	1	1	1	1	1	1	1	1	
rxn03164_c0	1	0	1	0	1	0	1	0	1	0	1	0	
rxn00775_c0	1	1	1	1	1	1	1	1	1	1	1	1	
rxn00392_c0	1	0	1	0	1	0	1	0	1	0	1	0	
rxn05543_c0	1	25	1	16	1	16	1	16	1	16	1	16	
rxn08619_c0	1	0	1	0	1	0	1	0	1	0	1	0	
rxn00214_c0	1	4	1	2	1	2	1	2	1	2	1	2	
rxn01791_c0	0	0	1	0	1	0	1	0	1	0	1	0	
rxn08194_c0	1	1	1	1	1	1	1	1	1	1	1	1	
rxn05381_c0	1	0	1	0	1	0	1	0	1	0	1	0	
rxn05298_c0	0	0	0	0	0	0	0	0	0	0	1	0	
rxn02380_c0	1	1	1	1	1	1	1	1	1	1	1	1	
rxn05148_e0	0	0	0	0	1	0	0	0	1	0	1	0	
rxn02269_c0	1	0	1	0	1	0	1	0	1	0	1	0	
rxn02200_c0	1	0	1	0	1	0	1	0	1	0	1	0	
rxn01101_c0	1	2	1	2	1	2	1	2	1	2	1	2	
rxn02465_c0	1	1	1	1	1	1	1	1	1	1	1	1	
rxn00949_c0	1	0	1	0	1	0	1	0	1	0	1	0	
rxn09207_c0	1	1	1	1	1	1	1	1	1	1	1	1	
rxn08620_c0	1	0	1	0	1	0	1	0	1	0	1	0	
rxn04133_c0	1	0	1	0	1	0	1	0	1	0	1	0	
rxn09202_c0	1	1	1	1	1	1	1	1	1	1	1	1	
rxn10234_c0	1	1	1	1	1	1	1	1	1	1	1	1	
rxn05192_c0	1	3	1	3	1	3	1	3	1	3	1	3	
rxn02331_c0	0	0	1	0	0	0	1	0	0	0	0	0	
rxn01636_c0	1	1	1	1	1	1	1	1	1	1	1	1	
rxn10571_c0	1	0	1	0	1	0	1	0	1	0	1	0	
rxn03419_c0	1	1	1	1	1	1	1	1	1	1	1	1	
rxn00917_c0	0	0	1	0	0	0	1	0	0	0	0	0	
rxn10199_c0	1	0	1	0	1	0	1	0	1	0	1	0	
rxn05939_c0	1	2	1	2	1	2	1	2	1	2	1	2	
rxn05909_c0	1	0	0	0	0	0	0	0	0	0	0	0	
rxn01603_c0	1	0	1	0	1	0	1	0	1	0	1	0	
rxn05535_c0	1	25	1	16	1	16	1	16	1	16	1	16	
rxn08708_c0	1	0	1	0	1	0	1	0	1	0	1	0	
rxn00470_c0	1	0	1	0	1	0	1	0	1	0	1	0	
rxn05237_c0	0	0	1	0	1	0	1	0	1	0	1	0	
rxn09201_c0	1	1	1	1	1	1	1	1	1	1	1	1	
rxn05337_c0	1	1	0	0	0	0	0	0	0	0	0	0	
rxn00543_c0	1	2	1	1	1	1	1	1	1	1	1	1	
rxn05434_c0	1	0	1	0	1	0	1	0	1	0	1	0	
rxn00250_c0	0	0	1	2	1	2	1	2	1	2	1	2	
rxn03397_c0	1	0	1	0	1	0	1	0	1	0	1	0	
rxn05401_c0	1	1	1	0	1	0	1	0	1	0	1	0	
rxn05206_c0	1	1	1	1	1	1	1	1	1	1	1	1	
rxn00474_c0	1	2	1	2	1	2	1	2	1	2	1	2	
rxn00929_c0	1	1	1	1	1	1	1	1	1	1	1	1	
rxn02290_c0	0	0	0	0	1	0	0	0	1	0	0	0	
rxn12217_c0	1	0	1	0	1	0	1	0	1	0	1	0	
rxn10230_c0	1	1	1	1	1	1	1	1	1	1	1	1	
rxn05465_c0	1	0	1	0	0	0	1	0	0	0	0	0	
rxn00285_c0	0	0	0	0	1	0	0	0	1	0	1	0	
rxn12635_c0	1	3	1	2	1	2	1	2	1	2	1	2	
rxn10205_c0	1	0	1	0	1	0	1	0	1	0	1	0	
rxn01072_c0	0	0	1	0	1	0	1	0	1	0	1	0	
rxn11938_c0	1	10	1	6	1	6	1	6	1	6	1	6	
rxn05235_c0	1	1	1	1	1	1	1	1	1	1	1	1	
rxn01303_c0	1	1	1	1	1	1	1	1	1	1	1	1	
rxn05380_c0	1	1	1	0	1	0	1	0	1	0	1	0	
rxn03917_c0	1	0	1	0	1	0	1	0	1	0	1	0	
rxn00459_c0	1	1	1	1	1	1	1	1	1	1	1	1	
rxn00988_c0	1	2	1	2	1	2	1	2	1	2	1	2	
rxn05736_c0	1	2	1	2	1	2	1	2	1	2	1	2	
rxn05247_c0	1	2	1	2	1	2	1	2	1	2	1	2	
rxn01362_c0	1	2	1	2	1	2	1	2	1	2	1	2	
rxn09467_c0	1	0	1	0	1	0	1	0	1	0	1	0	
rxn02834_c0	1	2	1	2	1	2	1	2	1	2	1	2	
rxn05341_c0	1	1	0	0	0	0	0	0	0	0	0	0	
rxn13846_c0	1	0	1	0	0	0	1	0	0	0	0	0	
rxn05054_c0	0	0	1	1	1	1	1	1	1	1	1	1	
rxn05540_c0	1	25	1	16	1	16	1	16	1	16	1	16	
rxn10221_c0	1	1	1	0	1	0	1	0	1	0	1	0	
rxn03004_c0	1	2	1	2	1	2	1	2	1	2	1	2	
rxn05663_c0	1	2	1	1	1	1	1	1	1	1	1	1	
rxn01361_c0	1	0	0	0	0	0	0	0	0	0	0	0	
rxn00420_c0	1	3	1	2	1	2	1	2	1	2	1	2	
